function [X_100,X_108,X_119,X_162,X_199,X_219,X_239,X_285]=wyniki()

X_100=[ 142.963058 154.812499 

 143.597946 155.500000 

 144.001953 155.937499 

 143.771087 155.687499 

 143.309371 155.187500 

 143.597946 155.500000 

 142.963058 154.812499 

 143.193923 155.062500 

 143.655670 155.562500 

 143.771087 155.687499 

 143.482513 155.374999 

 143.655670 155.562500 

 143.886520 155.812499 

 145.213989 157.250000 

 145.502563 157.562500 

 145.733444 157.812499 

 144.867691 156.874999 

 143.886520 155.812499 

 143.482513 155.374999 

 144.059661 156.000000 

 143.424789 155.312499 

 143.655670 155.562500 

 143.886520 155.812499 

 143.886520 155.812499 

 143.367065 155.250000 

 143.828796 155.750000 

 143.597946 155.500000 

 143.597946 155.500000 

 142.847625 154.687499 

 143.136215 155.000000 

 142.732193 154.562500 

 142.732193 154.562500 

 142.847625 154.687499 

 142.674468 154.500000 

 142.963058 154.812499 

 142.847625 154.687499 

 142.443618 154.250000 

 142.616760 154.437499 

 142.443618 154.250000 

 142.212753 154.000000 

 142.732193 154.562500 

 142.443618 154.250000 

 142.732193 154.562500 

 142.385894 154.187500 

 142.212753 154.000000 

 142.789917 154.624999 

 142.039596 153.812499 

 141.981887 153.750000 

 141.751022 153.500000 

 142.039596 153.812499 

 141.751022 153.500000 

 141.981887 153.750000 

 141.981887 153.750000 

 141.924163 153.687499 

 142.155044 153.937499 

 142.443618 154.250000 

 142.501327 154.312499 

 142.501327 154.312499 

 142.039596 153.812499 

 142.212753 154.000000 

 142.443618 154.250000 

 142.732193 154.562500 

 142.385894 154.187500 

 142.212753 154.000000 

 142.674468 154.500000 

 142.616760 154.437499 

 142.501327 154.312499 

 142.212753 154.000000 

 142.674468 154.500000 

 142.328186 154.124999 

 142.674468 154.500000 

 142.501327 154.312499 

 142.674468 154.500000 

 142.616760 154.437499 

 142.616760 154.437499 

 142.039596 153.812499 

 142.155044 153.937499 

 142.443618 154.250000 

 141.924163 153.687499 

 142.559051 154.374999 

 142.501327 154.312499 

 142.270462 154.062500 

 142.212753 154.000000 

 142.501327 154.312499 

 141.981887 153.750000 

 141.981887 153.750000 

 141.693298 153.437499 

 142.270462 154.062500 

 142.270462 154.062500 

 142.270462 154.062500 

 141.808746 153.562500 

 141.520156 153.250000 

 141.808746 153.562500 

 141.577865 153.312499 

 141.347000 153.062500 

 141.116149 152.812499 

 141.751022 153.500000 

 141.347000 153.062500 

 141.289291 153.000000 

 141.347000 153.062500 

 141.520156 153.250000 

 142.097320 153.874999 

 141.577865 153.312499 

 141.924163 153.687499 

 142.097320 153.874999 

 141.462448 153.187500 

 141.058425 152.750000 

 141.058425 152.750000 

 141.000717 152.687499 

 141.347000 153.062500 

 141.289291 153.000000 

 141.000717 152.687499 

 141.000717 152.687499 

 141.520156 153.250000 

 140.885269 152.562500 

 141.693298 153.437499 

 142.155044 153.937499 

 142.385894 154.187500 

 141.751022 153.500000 

 142.155044 153.937499 

 141.924163 153.687499 

 142.328186 154.124999 

 142.732193 154.562500 

 142.674468 154.500000 

 143.136215 155.000000 

 142.732193 154.562500 

 143.078491 154.937499 

 142.674468 154.500000 

 143.136215 155.000000 

 142.674468 154.500000 

 142.963058 154.812499 

 143.367065 155.250000 

 143.309371 155.187500 

 143.771087 155.687499 

 144.059661 156.000000 

 142.963058 154.812499 

 143.655670 155.562500 

 143.597946 155.500000 

 142.905349 154.750000 

 143.424789 155.312499 

 143.193923 155.062500 

 142.616760 154.437499 

 142.212753 154.000000 

 142.443618 154.250000 

 142.847625 154.687499 

 142.270462 154.062500 

 142.443618 154.250000 

 142.732193 154.562500 

 143.020767 154.874999 

 143.309371 155.187500 

 143.828796 155.750000 

 144.059661 156.000000 

 143.136215 155.000000 

 143.828796 155.750000 

 143.655670 155.562500 

 143.828796 155.750000 

 143.655670 155.562500 

 143.078491 154.937499 

 143.367065 155.250000 

 143.136215 155.000000 

 142.443618 154.250000 

 142.963058 154.812499 

 142.963058 154.812499 

 144.117385 156.062500 

 144.001953 155.937499 

 143.886520 155.812499 

 143.771087 155.687499 

 143.771087 155.687499 

 144.521392 156.500000 

 144.001953 155.937499 

 144.463684 156.437499 

 144.232818 156.187500 

 143.886520 155.812499 

 143.540222 155.437499 

 144.348251 156.312499 

 144.232818 156.187500 

 143.251647 155.124999 

 142.847625 154.687499 

 143.597946 155.500000 

 142.674468 154.500000 

 142.674468 154.500000 

 142.847625 154.687499 

 142.443618 154.250000 

 142.443618 154.250000 

 142.443618 154.250000 

 142.963058 154.812499 

 141.924163 153.687499 

 141.693298 153.437499 

 142.732193 154.562500 

 143.136215 155.000000 

 143.020767 154.874999 

 143.367065 155.250000 

 143.136215 155.000000 

 142.732193 154.562500 

 142.328186 154.124999 

 143.367065 155.250000 

 142.847625 154.687499 

 143.078491 154.937499 

 142.270462 154.062500 

 141.981887 153.750000 

 141.981887 153.750000 

 141.808746 153.562500 

 141.347000 153.062500 

 141.231567 152.937499 

 142.155044 153.937499 

 142.212753 154.000000 

 141.981887 153.750000 

 141.981887 153.750000 

 141.981887 153.750000 

 142.385894 154.187500 

 142.155044 153.937499 

 142.097320 153.874999 

 141.924163 153.687499 

 143.078491 154.937499 

 143.136215 155.000000 

 143.309371 155.187500 

 142.963058 154.812499 

 142.559051 154.374999 

 142.155044 153.937499 

 142.270462 154.062500 

 143.424789 155.312499 

 143.828796 155.750000 

 143.886520 155.812499 

 143.424789 155.312499 

 143.655670 155.562500 

 144.059661 156.000000 

 143.655670 155.562500 

 143.309371 155.187500 

 143.886520 155.812499 

 144.117385 156.062500 

 144.521392 156.500000 

 144.290542 156.250000 

 143.828796 155.750000 

 143.828796 155.750000 

 143.886520 155.812499 

 144.059661 156.000000 

 143.597946 155.500000 

 143.367065 155.250000 

 143.655670 155.562500 

 143.597946 155.500000 

 ];


